28
39
45
47
77
79
85
89
94
98
99
100
115
116
117
136
137
138
152
169
173
192
198
206
207
218
220
230
231
232
234
239
243
245
248
249
253
268
327
340
341
344
345
346
352
358
368
371
383
391
407
408
409
414
415
416
422
424
427
440
459
462
465
466
468
469
472
473
477
479
480
483
484
518
522
528
529
530
531
532
533
537
539
544
565
567
576
578
584
586
592
595
598
604
629
634
665
669
678
687
707
710
716
723
728
730
732
738
740
743
751
753
758
760
765
769
773
775
788
796
797
798
800
801
819
847
850
854
857
865
866
868
869
872
875
879
884
894
895
897
901
902
904
909
915
931
933
948
960
964
967
977
981
988
989
990
994
1001
1003
1014
1025
1030
1036
1042
1044
1048
1057
1058
1076
1078
1079
1091
1092
1096
1098
1102
1103
1105
1107
1110
1113
1114
1116
1122
1130
1135
1136
1139
1145
1150
1152
1153
1157
1169
1185
1192
1198
1201
1205
1208
1220
1231
1238
1247
1251
1252
1256
1265
1275
1281
1302
1312
1317
1322
1334
1340
1351
1356
1359
1361
1368
1371
1375
1381
1390
1394
1399
1401
1410
1411
1427
1432
1435
1457
1460
1471
1472
1473
1476
1479
1480
1481
1483
1484
1493
1498
1500
1501
1506
1507
1514
1515
1521
1526
1528
1533
